0 0.491228 0.664414 0.271930 0.103604
0 0.339912 0.846847 0.100877 0.117117
0 0.449561 0.795045 0.065789 0.040541
0 0.519737 0.804054 0.039474 0.031532
0 0.510965 0.853604 0.030702 0.049550
0 0.769737 0.869369 0.162281 0.045045
0 0.817982 0.790541 0.074561 0.085586
0 0.750000 0.655405 0.184211 0.112613
0 0.877193 0.716216 0.078947 0.090090
0 0.754386 0.567568 0.061404 0.099099
0 0.864035 0.590090 0.096491 0.117117
0 0.166667 0.858108 0.052632 0.058559
1 0.837719 0.078829 0.324561 0.148649
1 0.688596 0.324324 0.263158 0.369369
1 0.883772 0.315315 0.232456 0.414414
1 0.622807 0.522523 0.131579 0.144144
1 0.679825 0.486486 0.096491 0.162162
1 0.953947 0.644144 0.092105 0.270270
