0 0.241697 0.655914 0.129151 0.129032
0 0.439114 0.682796 0.147601 0.107527
0 0.333948 0.723118 0.070111 0.220430
0 0.324723 0.586022 0.162362 0.053763
1 0.095941 0.110215 0.184502 0.209677
1 0.256458 0.112903 0.195572 0.215054
1 0.409594 0.215054 0.132841 0.290323
1 0.095941 0.333333 0.184502 0.247312
1 0.319188 0.344086 0.321033 0.290323
1 0.107011 0.537634 0.140221 0.258065
1 0.193727 0.500000 0.092251 0.172043
1 0.420664 0.491935 0.258303 0.166667
1 0.485240 0.344086 0.077491 0.150538
1 0.566421 0.510753 0.217712 0.225806
1 0.690037 0.653226 0.051661 0.188172
