0 0.268333 0.589286 0.290000 0.357143
0 0.213333 0.235119 0.140000 0.184524
0 0.246667 0.372024 0.166667 0.125000
0 0.481667 0.380952 0.216667 0.190476
0 0.425000 0.336310 0.070000 0.148810
0 0.545000 0.300595 0.056667 0.148810
0 0.596667 0.610119 0.120000 0.351190
0 0.700000 0.666667 0.106667 0.285714
0 0.786667 0.717262 0.140000 0.184524
1 0.455000 0.089286 0.490000 0.130952
1 0.326667 0.229167 0.093333 0.160714
1 0.780000 0.264881 0.346667 0.267857
1 0.798333 0.446429 0.263333 0.202381
1 0.823333 0.583333 0.113333 0.142857
1 0.895000 0.669643 0.070000 0.160714
