0 0.378378 0.291237 0.077220 0.097938
0 0.500000 0.507732 0.096525 0.149485
0 0.621622 0.260309 0.077220 0.324742
0 0.584942 0.311856 0.135135 0.211340
0 0.718147 0.324742 0.169884 0.216495
0 0.789575 0.466495 0.057915 0.201031
0 0.762548 0.432990 0.088803 0.092784
1 0.662162 0.572165 0.111969 0.247423
1 0.712355 0.585052 0.096525 0.159794
1 0.237452 0.190722 0.196911 0.216495
1 0.301158 0.283505 0.061776 0.103093
1 0.430502 0.105670 0.297297 0.190722
1 0.471042 0.247423 0.084942 0.195876
1 0.382239 0.188144 0.115830 0.097938
1 0.737452 0.100515 0.138996 0.190722
1 0.625483 0.048969 0.138996 0.087629
