0 0.120401 0.675595 0.093645 0.208333
0 0.306020 0.630952 0.070234 0.130952
0 0.428094 0.535714 0.080268 0.119048
0 0.581940 0.473214 0.060201 0.113095
0 0.697324 0.372024 0.070234 0.172619
0 0.792642 0.315476 0.060201 0.178571
0 0.795987 0.092262 0.093645 0.160714
0 0.933110 0.255952 0.086957 0.154762
0 0.411371 0.184524 0.073579 0.130952
0 0.575251 0.113095 0.080268 0.154762
0 0.249164 0.247024 0.110368 0.184524
0 0.585284 0.833333 0.066890 0.238095
0 0.754181 0.770833 0.096990 0.125000
0 0.894649 0.589286 0.090301 0.142857
