0 0.225869 0.435567 0.189189 0.201031
0 0.258687 0.587629 0.177606 0.134021
0 0.299228 0.340206 0.050193 0.134021
0 0.416988 0.451031 0.162162 0.056701
0 0.362934 0.520619 0.069498 0.144330
0 0.395753 0.378866 0.065637 0.314433
0 0.488417 0.358247 0.111969 0.128866
1 0.611969 0.347938 0.111969 0.149485
1 0.658301 0.082474 0.166023 0.123711
1 0.666023 0.213918 0.166023 0.118557
1 0.106178 0.164948 0.181467 0.319588
1 0.191120 0.092784 0.065637 0.175258
1 0.235521 0.046392 0.046332 0.082474
1 0.092664 0.381443 0.069498 0.154639
