0 0.270903 0.348214 0.153846 0.196429
0 0.334448 0.473214 0.160535 0.160714
0 0.234114 0.175595 0.147157 0.160714
0 0.314381 0.294643 0.060201 0.255952
0 0.307692 0.529762 0.080268 0.107143
0 0.222408 0.089286 0.096990 0.095238
0 0.214047 0.032738 0.053512 0.053571
1 0.428094 0.199405 0.147157 0.279762
1 0.342809 0.044643 0.130435 0.077381
1 0.364548 0.104167 0.107023 0.125000
1 0.103679 0.047619 0.140468 0.083333
1 0.102007 0.083333 0.083612 0.119048
1 0.145485 0.255952 0.036789 0.142857
1 0.167224 0.324405 0.046823 0.136905
