0 0.460000 0.519126 0.149091 0.360656
0 0.481818 0.316940 0.054545 0.109290
0 0.592727 0.475410 0.160000 0.120219
0 0.698182 0.464481 0.065455 0.142077
0 0.580000 0.598361 0.141818 0.169399
0 0.807273 0.603825 0.058182 0.103825
0 0.856364 0.636612 0.040000 0.071038
0 0.809091 0.461749 0.076364 0.092896
1 0.203636 0.158470 0.400000 0.306011
1 0.054545 0.327869 0.101818 0.174863
1 0.243636 0.363388 0.283636 0.147541
1 0.456364 0.128415 0.141818 0.234973
1 0.556364 0.256831 0.080000 0.142077
1 0.592727 0.330601 0.116364 0.136612
1 0.280000 0.461749 0.203636 0.114754
1 0.332727 0.562842 0.076364 0.120219
